x	y
0	5
0.001997501	5.051123825
0.015920173	5.202987287
0.053395453	5.451111748
0.125462076	5.788182603
0.242292471	6.204268629
0.412934841	6.687118593
0.645080787	7.222525092
0.944863764	7.794743389
1.316692978	8.38695121
1.763126517	8.981734208
2.284786633	9.561581075
2.880319157	10.10937213
3.546398009	10.60884565
4.27777478	11.04502727
5.067372333	11.40460903
5.906420369	11.67626704
6.784629992	11.85090863
7.690403395	11.92184276
8.611074008	11.88487018
9.533171785	11.73829277
10.4427077	11.48284428
11.3254711	11.12154757
12.16733333	10.65950579
12.9545508	10.10363724
13.67406071	9.462365318
14.31376286	8.745276476
14.86278131	7.962759519
15.31169985	7.125640325
15.6527662	6.244825441
15.88006031	5.330967417
15.98962293	4.394163445
15.97954167	3.443697203
15.84999262	2.487831817
15.60323645	1.533659561
15.24356934	0.587011504
14.77722952	-0.347572216
14.21226186	-1.26681326
13.55834322	-2.168611222
12.82657265	-3.051911265
12.02923111	-3.91653131
11.17951606	-4.762958273
10.2912568	-5.592123872
9.378617066	-6.405171071
8.455791392	-7.203222344
7.536702068	-7.987160526
6.634703489	-8.757432221
5.762300454	-9.513882496
4.930886711	-10.25562799
4.150509571	-10.98097376
3.429665822	-11.68737704
2.775133478	-12.37145904
2.19184308	-13.02906373
1.682791386	-13.65536025
1.248999319	-14.24498401
0.889515064	-14.79220962
0.60146217	-15.29114738
0.380131521	-15.73595434
0.21911503	-16.12105007
0.110477994	-16.4413272
0.044966156	-16.69234732
0.01224277	-16.87051312
0.001150255	-16.97320909
-9.50783E-06	-16.99890445
-0.003182596	-16.94721353
-0.02026484	-16.81891109
-0.062804755	-16.61590162
-0.141714364	-16.34114428
-0.266994474	-15.99853664
-0.447480655	-15.59276266
-0.690615692	-15.12911157
-1.002253706	-14.61327605
-1.386500399	-14.05113882
-1.845593096	-13.44855734
-2.379823338	-12.81115662
-2.987503835	-12.14413962
-3.664980589	-11.45212422
-4.406689976	-10.73901441
-5.205259575	-10.00791211
-6.05165052	-9.261073885
-6.935338272	-8.499915339
-7.844527762	-7.725063322
-8.766398167	-6.936454275
-9.687371848	-6.133474724
-10.59340146	-5.31513799
-11.47026884	-4.480289411
-12.303889	-3.627830882
-13.08061243	-2.756954437
-13.78751895	-1.86737391
-14.41269657	-0.959543471
-14.94549912	-0.034852118
-15.37677681	0.904216124
-15.69907472	1.853965329
-15.90679463	2.809421614
-15.99631665	3.764323459
-15.96607787	4.711171736
-15.81660641	5.641340429
-15.55050987	6.545246497
-15.17241868	7.412574841
-14.68888544	8.232551982
-14.10824266	8.99425982
-13.44042189	9.68697897
-12.69673848	10.30054963
-11.88964667	10.82573688
-11.03247048	11.25458659
-10.13911651	11.58075828
-9.223774981	11.79982137
-8.300615719	11.90950261
-7.383485905	11.90987368
-6.485616303	11.80346989
-5.619342537	11.59533352
-4.795847628	11.29297735
-4.02493152	10.90626733
-3.314812726	10.44722582
-2.671966491	9.92975989
-2.101003045	9.36932191
-1.604588631	8.782512165
-1.183411014	8.186635504
-0.836190179	7.599225812
-0.559733918	7.037553436
-0.349036991	6.518131509
-0.197421564	6.056237355
-0.096715693	5.665464812
-0.037465784	5.357322406
-0.009178187	5.14089085
-0.000584411	5.022551427
